sha256 hash(Hello World!)
fbda4fdb246fe3bb3f8869482735580f90a24bf8020d819b540dfa991a510414


r

54,222,232,137,83,236,44,138,108,208,180,134,55,70,217,203,184,102,51,63,22,207,247,156,236,14,41,79,49,212,249,7


expected r

[258333400, 390276219, 302067431, 1532725914, 1137918964, 422522759, 388231144, -347206612]

s

106,83,177,213,44,26,165,11,36,32,155,44,117,185,7,87,44,162,175,158,27,203,247,135,210,174,216,133,203,170,91,139

expected s
[-800464840, 1934527204, 647288981, -1114973081, 1195291763, 1928214995, -1713008225, 150265959]



expected public key
[-1483347917, 1484655509, -1525739602, 732653193, 1835181267, 133052156, -768981567, 2010770609, -1337203141, -1408473854, 187220453, 1538704905, 1504727767, -1231243254, 1372060885, -1682583760, 1, 0, 0, 0, 0, 0, 0, 0]


----

https://github.com/kalyanrparajuli/ecdsa/blob/master/MessageSV.java
